0
71
205 56022
206 67454
207 67571
208 67690
209 67869
210 68226
211 78431
212 78550
213 78610
214 78729
219 78848
220 84600
224 84601
225 89232
226 89350
227 91856
228 91975
230 92105
231 92194
232 94697
237 94698
241 101702
242 105838
244 106194
245 107742
246 108337
247 108397
248 108576
250 108695
251 108864
255 108865
256 116317
257 126574
258 126632
259 126751
260 126989
261 128953
262 129013
263 129132
264 129370
265 130561
266 130680
267 130740
268 130859
269 130978
270 131037
271 131156
272 131216
273 131335
276 131395
277 131508
278 131568
279 131686
280 131746
281 131864
282 131924
283 132043
284 132102
285 132221
286 132281
287 132562
292 132563
294 135148
295 137064
296 142494
300 142495
305 143208
307 145738
308 149809
309 149927
313 150331
