0
97
6 0
14 1
19 2
38 3
41 4
74 5
84 6
98 7
99 410
104 411
108 742
109 2113
110 2231
111 2350
112 2410
113 2528
114 2647
116 2706
117 2734
121 2735
124 5954
126 26117
127 29498
132 29556
133 29721
134 29780
135 29899
140 29959
141 30125
142 30184
147 30244
148 30410
149 30469
152 30588
157 30589
158 30744
159 30863
160 30982
163 31042
164 31210
165 31269
166 31328
167 31507
168 31566
169 31685
170 31940
174 31941
175 34497
176 34615
178 34675
180 34793
182 35329
184 35388
186 36938
187 36997
188 37116
189 39110
193 39111
194 47714
195 47831
197 47890
198 48068
199 48187
200 48306
204 48612
205 51110
206 67454
207 67571
208 67690
209 67869
210 68226
211 78431
212 78550
213 78610
214 78729
219 78848
220 84600
224 84601
225 89232
226 89350
227 91856
228 91975
230 92105
231 92194
232 94697
237 94698
241 101702
242 105838
244 106194
245 107742
246 108337
247 108397
248 108576
250 108695
251 108864
255 108865
256 116317
